112	25.7	15.9
113	20.8	15.2
114	20.1	13.8
115	20.1	12.3
116	21.5	12.0
117	22.5	13.4
118	25.0	15.5
119	25.7	16.6
120	25.0	15.9
121	22.9	15.9
122	20.8	17.3
123	22.5	17.3
124	23.2	17.3
125	20.1	16.9
126	22.5	14.5
127	22.2	15.5
128	22.5	16.9
129	21.8	15.5
130	20.8	12.3
131	19.4	13.8
132	15.9	12.7
133	18.0	10.6
134	19.7	12.3
135	21.1	13.1
136	19.0	13.8
137	20.1	12.0
138	21.5	12.0
139	23.2	13.1
140	20.8	13.8
141	21.1	13.1
142	22.5	13.4
143	23.9	15.5
144	25.3	15.9
145	20.1	16.9
146	21.5	13.8
147	23.9	12.0
148	24.3	14.5
149	21.5	12.7
150	23.2	14.1
151	26.1	14.8
152	25.3	17.3
153	25.0	18.3
154	22.5	18.0
155	24.6	16.6
156	24.3	17.3
157	23.6	18.3
158	22.9	18.0
159	22.5	18.3
160	26.8	18.0
161	26.1	18.7
162	26.8	16.9
163	20.8	16.2
164	28.6	17.3
165	29.7	18.7
166	31.5	19.0
167	28.6	20.4
168	30.4	17.3
169	31.5	18.7
170	31.5	20.1
171	31.2	19.0
172	30.8	18.3
173	30.1	18.7
174	29.3	19.4
175	29.3	18.7
176	29.3	20.4
177	28.9	18.7
178	30.8	19.7
179	31.9	20.4
180	30.4	20.4
181	29.3	19.7
182	28.9	18.7
183	30.1	19.4
184	31.2	18.7
185	31.5	20.1
186	32.7	21.5
187	32.3	22.2
188	31.9	22.5
189	32.7	23.6
190	33.0	23.9
191	30.8	22.9
192	30.4	21.5
193	31.5	22.2
194	31.9	22.2
195	31.5	22.5
196	32.3	23.6
197	33.0	22.5
198	34.2	23.9
199	34.2	24.6
200	35.0	25.3
201	34.6	26.4
202	33.8	23.9
203	33.4	23.6
204	33.4	22.9
205	32.3	22.9
206	32.3	23.6
207	33.4	25.0
208	33.0	25.0
209	32.3	23.9
210	30.4	22.5
211	28.9	21.5
212	28.2	20.1
213	30.1	20.8
214	31.2	22.5
215	32.7	23.6
216	33.8	24.6
217	34.2	25.7
218	34.6	25.3
219	33.0	24.3
220	32.3	22.5
221	31.5	21.8
222	32.3	22.5
223	32.3	23.6
224	33.8	25.0
225	34.2	25.3
226	35.0	27.5
227	35.0	25.3
228	33.0	23.6
229	30.8	21.8
230	28.9	20.4
231	29.3	19.7
232	28.9	20.1
233	28.9	19.7
234	30.1	20.1
235	30.1	20.4
236	31.2	19.7
237	32.3	21.8
238	30.1	19.7
239	30.8	19.7
240	30.8	21.5
241	31.5	22.2
242	33.0	23.6
243	32.7	22.9
244	33.8	23.9
245	34.6	25.0
246	36.2	25.7
247	30.1	26.4
248	32.7	24.6
249	33.0	26.4
250	33.8	25.3
251	33.8	25.3
252	28.9	21.8
253	27.5	17.6
254	28.6	18.0
255	30.1	19.4
256	31.2	20.4
257	31.9	22.2
258	30.8	22.5
259	30.4	21.8
260	29.3	20.4
261	26.8	18.7
262	27.1	17.3
263	28.2	17.3
264	26.8	16.9
265	26.1	16.9
266	24.3	16.6
267	24.6	16.9
268	25.0	16.9
269	23.2	16.6
270	24.3	14.1
271	23.6	15.5
272	24.3	16.2
273	24.6	16.2
274	25.3	15.9
275	23.6	15.2
276	21.8	15.2
277	21.5	12.3
278	23.6	12.0
279	24.3	12.3
280	24.6	12.3
281	23.6	13.8
282	22.5	13.8
283	21.5	13.1
284	22.5	10.6
285	22.2	13.1
286	22.9	13.1
287	21.1	14.1
288	20.1	12.3
289	19.4	11.3
290	20.8	9.1
291	20.4	8.8
292	21.1	8.8
293	22.5	9.1
294	22.9	10.2
295	23.2	11.3
296	23.6	11.6
297	16.6	14.1
298	16.6	11.6
299	19.0	11.3
300	21.1	10.2
301	18.7	11.6
302	18.7	12.3
303	18.0	7.7
304	18.3	8.0
305	18.3	10.2
306	16.6	8.0
307	16.6	6.9
308	16.6	8.0
309	16.6	8.8
310	14.5	5.8
311	14.1	9.9
312	14.1	11.3
313	13.8	6.9
314	13.4	5.4
315	13.1	9.9
316	14.1	5.8
317	14.1	8.0
318	13.1	9.1
319	12.7	8.8
320	13.4	10.9
321	14.5	10.2
322	13.4	9.1
323	13.1	7.7
324	12.7	6.2
325	12.7	6.9
326	13.4	8.4
327	14.5	9.5
328	14.5	10.9
329	14.1	8.4
330	13.4	7.7
331	12.3	10.2
332	12.3	10.6
333	13.1	9.5
334	15.2	11.3
335	13.8	10.9
336	13.4	8.4
337	13.8	10.2
338	10.9	6.2
339	10.2	6.6
340	9.5	6.2
341	9.5	3.9
342	9.5	4.3
343	9.9	5.8
344	9.1	3.9
345	8.8	4.3
346	8.4	4.7
347	10.2	5.1
348	9.5	6.6
349	9.9	5.8
350	9.9	5.1
351	10.6	4.3
352	10.6	4.3
353	8.4	4.3
354	6.6	1.6
355	5.8	0.0
356	4.7	-0.4
357	4.3	-2.5
358	3.9	-2.5
359	5.1	-1.7
360	4.7	-0.9
361	5.8	-0.4
362	6.2	0.0
363	6.6	2.4
364	6.9	2.0
365	8.4	3.9
1	7.7	4.7
2	6.6	4.3
3	6.6	5.1
4	6.6	5.1
5	6.6	3.1
6	5.8	3.9
7	5.1	4.3
8	5.4	4.3
9	5.8	2.4
10	5.1	2.0
11	6.2	2.7
12	6.2	2.0
13	6.6	2.4
14	7.3	2.7
15	8.4	4.7
16	10.2	6.6
17	11.6	7.7
18	11.3	8.8
19	12.3	9.5
20	19.0	10.2
21	12.7	7.7
22	13.1	4.7
23	10.9	6.9
24	8.8	7.7
25	7.3	5.4
26	8.8	5.8
27	9.5	3.5
28	10.2	1.6
29	10.2	1.6
30	8.8	3.1
