1 7.8 5.0
2 11.0 5.6
3 11.7 4.0
4 12.2 2.0
5 12.2 0.6
6 7.2 2.0
7 6.0 3.0
8 4.4 3.3
9 7.2 2.8
10 7.2 -2.8
11 8.9 2.8
12 13.3 5.6
13 12.2 4.0
14 16.7 9.0
15 10.6 5.0
16 12.0 8.9
17 10.6 8.9
18 15.6 8.3
19 17.2 5.0
20 15.6 2.2
21 16.7 2.0
22 21.7 3.9
23 16.1 2.0
24 17.2 2.8
25 17.2 3.0
26 11.7 6.1
27 9.4 3.0
28 8.3 5.0
29 11.0 5.6
30 11.1 7.0
31 12.8 1.0
32 17.2 1.0
33 15.6 1.7
34 15.0 1.0
35 17.2 1.7
36 24.4 3.0
37 23.3 11.7
38 20.6 5.0
39 15.6 7.8
40 15.6 2.8
41 16.7 0.6
42 18.3 1.7
43 19.4 2.0
44 18.9 2.8
45 15.6 7.2
46 16.7 10.6
47 15.0 7.8
48 8.9 5.6
49 8.3 5.0
50 10.6 3.0
51 11.7 -1.1
52 12.2 2.8
53 14.4 2.2
54 13.9 1.0
55 10.6 3.9
56 11.1 6.0
57 10.0 -2.0
58 12.2 -1.1
59 13.9 2.8
60 15.0 0.6
61 15.0 9.4
62 17.2 7.8
63 17.2 5.0
64 20.0 5.6
65 14.0 11.1
66 16.1 7.2
67 18.3 10.0
68 17.2 8.9
69 16.7 8.9
70 16.7 4.0
71 17.8 7.8
72 18.3 10.0
73 18.3 13.0
74 17.2 12.2
75 16.7 11.7
76 15.6 2.8
77 10.6 7.8
78 10.6 6.0
79 11.1 9.0
80 15.6 5.0
81 15.6 6.1
82 12.2 8.9
83 10.0 7.8
84 13.9 6.1
85 12.8 8.9
86 13.9 5.0
87 16.7 4.0
88 20.0 5.6
89 26.1 12.2
90 25.0 9.0
91 26.1 11.0
92 21.1 13.3
93 19.4 8.9
94 22.8 5.6
95 20.6 10.6
96 21.1 7.8
97 13.9 7.8
98 15.0 1.1
99 18.3 1.7
100 17.8 6.1
101 19.4 8.3
102 18.9 6.7
103 16.7 7.2
104 18.3 4.4
105 23.3 8.3
106 24.4 9.4
107 23.3 12.2
108 18.9 12.2
109 21.7 10.0
110 21.7 12.2
111 19.4 10.0
112 18.9 8.3
113 19.4 10.0
114 21.1 12.8
115 20.6 11.7
116 21.1 5.6
117 22.8 7.8
118 21.1 10.0
119 20.6 7.2
120 24.4 10.6
121 27.8 8.9
122 27.2 10.6
123 27.8 9.4
124 31.7 15.0
125 32.2 12.2
126 26.7 13.9
127 22.2 10.6
128 17.8 10.0
129 22.2 9.0
130 26.7 10.6
131 20.6 10.6
132 26.1 9.4
133 25.6 10.0
134 16.7 10.0
135 12.8 7.8
136 16.7 7.8
137 15.0 10.0
138 20.0 10.6
139 26.7 8.3
140 26.7 11.1
141 25.6 12.8
142 23.3 11.1
143 22.8 10.0
144 23.3 8.9
145 17.8 11.1
146 21.1 7.8
147 21.7 10.0
148 19.4 8.3
149 23.3 6.7
150 19.4 10.0
151 18.3 11.7
152 17.2 8.9
153 20.6 8.3
154 19.4 8.9
155 18.9 13.3
156 22.2 14.4
157 18.9 13.0
158 25.0 8.9
159 26.7 12.2
160 29.4 11.7
161 28.3 12.8
162 23.9 11.7
163 28.3 11.1
164 31.7 13.3
165 35.6 14.4
166 34.4 16.1
167 31.1 15.0
168 30.0 12.8
169 29.4 12.8
170 32.8 14.4
171 36.1 17.2
172 38.3 17.2
173 36.7 19.4
174 30.6 14.4
175 30.6 12.8
176 30.0 13.3
177 32.8 13.3
178 30.0 14.4
179 18.3 13.9
180 22.8 11.7
181 29.4 12.8
182 35.0 14.4
183 36.1 17.2
184 38.3 18.9
185 37.8 18.3
186 38.3 18.3
187 36.7 20.0
188 34.4 18.9
189 35.6 16.1
190 29.4 14.4
191 30.0 13.3
192 26.1 13.3
193 26.7 13.0
194 25.0 15.6
195 26.1 12.8
196 26.7 12.8
197 26.7 13.9
198 26.1 15.0
199 28.9 13.3
200 31.1 14.4
201 34.4 15.0
202 35.0 17.2
203 33.9 16.1
204 31.1 15.0
205 30.0 14.4
206 30.6 13.0
207 32.2 15.6
208 35.0 15.6
209 35.0 14.4
210 32.2 15.6
211 30.0 15.0
212 29.4 14.0
213 31.7 13.3
214 33.9 13.9
215 32.8 14.4
216 27.8 15.0
217 32.8 13.0
218 30.0 14.4
219 30.0 13.9
220 32.2 13.3
221 34.4 13.9
222 33.9 15.6
223 30.6 13.9
224 33.3 13.9
225 35.0 16.1
226 33.3 15.6
227 32.2 15.6
228 33.9 13.9
229 33.9 15.0
230 33.9 15.0
231 27.8 13.9
232 27.8 12.8
233 28.9 13.3
234 32.2 13.3
235 35.0 13.9
236 35.6 18.3
237 34.4 15.6
238 35.6 15.6
239 34.4 13.9
240 36.1 12.8
241 33.9 14.4
242 30.0 13.9
243 30.0 13.3
244 34.4 13.3
245 36.1 14.4
246 34.4 15.6
247 32.2 13.9
248 32.2 13.3
249 36.7 12.2
250 36.7 15.0
251 35.6 14.4
252 38.3 14.4
253 33.3 19.4
254 26.1 16.1
255 31.1 15.6
256 33.9 15.6
257 30.6 16.1
258 26.1 13.9
259 27.2 11.7
260 30.0 11.7
261 33.9 13.3
262 35.0 14.4
263 36.7 15.6
264 37.8 15.6
265 37.2 14.4
266 36.7 16.1
267 27.8 18.9
268 21.1 15.0
269 28.3 11.7
270 32.2 12.8
271 33.9 15.0
272 35.6 16.7
273 26.1 16.1
274 24.4 13.3
275 24.4 11.7
276 20.0 10.6
277 19.4 13.9
278 18.9 11.7
279 17.2 10.0
280 22.8 6.7
281 24.4 8.3
282 25.6 10.6
283 18.9 15.6
284 26.1 16.0
285 27.2 13.3
286 28.9 11.7
287 30.6 12.8
288 30.0 14.0
289 25.0 17.2
290 30.6 13.3
291 30.0 12.0
292 24.4 13.9
293 26.7 12.8
294 27.2 10.6
295 27.8 10.0
296 28.3 11.0
297 25.0 11.1
298 23.9 11.0
299 23.3 11.1
300 22.8 4.4
301 25.0 6.7
302 26.1 6.7
303 26.1 8.9
304 26.1 8.9
305 23.3 12.8
306 22.8 6.7
307 18.3 8.3
308 15.0 2.2
309 13.3 2.2
310 13.3 8.0
311 15.0 5.0
312 16.1 2.2
313 17.2 2.0
314 18.9 2.2
315 14.4 4.4
316 17.8 8.0
317 20.0 8.3
318 18.3 8.9
319 19.4 5.0
320 20.6 4.4
321 18.3 6.1
322 15.0 8.3
323 12.2 1.0
324 14.0 8.9
325 13.9 3.0
326 15.6 5.0
327 13.9 4.4
328 12.8 8.9
329 15.0 6.0
330 12.8 5.0
331 12.8 7.2
332 15.0 7.8
333 9.4 5.6
334 17.8 6.7
335 18.3 10.0
336 22.2 8.3
337 16.7 7.2
338 13.9 0.0
339 15.0 -1.1
340 14.4 -0.6
341 13.9 -0.6
342 14.4 -1.1
343 15.6 -2.0
344 14.4 -1.1
345 12.2 -1.0
346 13.3 3.9
347 13.3 -2.0
348 12.2 -1.1
349 12.2 5.0
350 17.8 -0.6
351 12.8 -1.0
352 12.8 -1.0
353 18.3 1.7
354 11.7 -1.1
355 14.4 -2.0
356 16.1 5.0
357 12.2 -3.3
358 13.3 -3.9
359 12.8 -1.1
360 12.8 -3.0
361 15.0 -2.2
362 15.0 5.0
363 13.3 3.3
364 16.1 9.4
365 13.9 4.4
