127 BRACH 17 33 50 0.0 0.0 0.0 0.0
162 BRACH 0.0 0.0 0.0 100 0.0 0.0 0.0
175 BRACH 0.0 0.0 0.0 0.0 0.0 75 25
183 BRACH 0.0 0.0 0.0 0.0 0.0 100 0.0
190 BRACH 0.0 0.0 0.0 0.0 0.0 100 0.0
218 BRACH 0.0 0.0 0.0 0.0 0.0 0.0 100
120 BIVIT 67 33 0.0 0.0 0.0 0.0 0.0
133 BIVIT 0.0 100 0.0 0.0 0.0 0.0 0.0
148 BIVIT 0.0 0.0 33 67 0.0 0.0 0.0
162 BIVIT 0.0 0.0 0.0 100 0.0 0.0 0.0
197 BIVIT 0.0 0.0 0.0 0.0 0.0 0.0 100
203 BIVIT 0.0 0.0 0.0 0.0 0.0 0.0 100
190 PARDA 0.0 0.0 0.0 0.0 0.0 100 0.0
197 PARDA 0.0 0.0 0.0 0.0 0.0 50 50
203 PARDA 0.0 0.0 0.0 0.0 0.0 100 0.0
211 PARDA 0.0 0.0 0.0 0.0 0.0 100 0.0
218 PARDA 0.0 0.0 0.0 0.0 0.0 0.0 100
224 PARDA 0.0 0.0 0.0 0.0 0.0 100 0.0
