133 EQUAL 100 0.0 0.0 0.0 0.0 0.0 0.0
203 EQUAL 0.0 0.0 0.0 0.0 0.0 0.0 100
211 EQUAL 0.0 0.0 0.0 0.0 0.0 50 50
218 EQUAL 0.0 0.0 0.0 0.0 0.0 0.0 100
253 EQUAL 0.0 0.0 0.0 0.0 0.0 100 0.0
183 NEBRA 0.0 0.0 50 50 0.0 0.0 0.0
190 NEBRA 0.0 0.0 33 67 0.0 0.0 0.0
203 NEBRA 0.0 0.0 25 75 0.0 0.0 0.0
218 NEBRA 0.0 0.0 0.0 0.0 0.0 0.0 100
231 NEBRA 0.0 0.0 0.0 0.0 0.0 100 0.0
183 INFAN 0.0 0.0 0.0 0.0 0.0 0.0 100
190 INFAN 0.0 0.0 0.0 0.0 0.0 100 0.0
197 INFAN 0.0 0.0 0.0 0.0 0.0 33 67
203 INFAN 0.0 0.0 0.0 0.0 0.0 0.0 100
231 INFAN 0.0 0.0 0.0 0.0 0.0 0.0 100
