120 SANGU 100 0.0 0.0 0.0 0.0 0.0 0.0
127 SANGU 100 0.0 0.0 0.0 0.0 0.0 0.0
133 SANGU 14 37 49 0.0 0.0 0.0 0.0
148 SANGU 2 17 78 2 0.0 0.0 0.0
156 SANGU 0.0 9 22 63 6 0.0 0.0
162 SANGU 1 3 8 45 43 0.0 0.0
175 SANGU 0.0 0.0 0.0 4 24 47 25
183 SANGU 0.0 0.0 0.0 0.0 39 36 25
190 SANGU 0.0 0.0 0.0 0.0 5 49 47
197 SANGU 0.0 0.0 0.0 0.0 2 56 41
203 SANGU 0.0 0.0 0.0 0.0 0.0 39 61
211 SANGU 0.0 0.0 0.0 0.0 0.0 61 39
218 SANGU 0.0 0.0 0.0 0.0 0.0 60 40
224 SANGU 0.0 0.0 0.0 0.0 0.0 69 31
231 SANGU 0.0 0.0 0.0 0.0 0.0 50 50
239 SANGU 0.0 0.0 0.0 0.0 0.0 44 56
253 SANGU 0.0 0.0 0.0 0.0 0.0 0.0 100
120 DEORU 100 0.0 0.0 0.0 0.0 0.0 0.0
127 DEORU 100 0.0 0.0 0.0 0.0 0.0 0.0
133 DEORU 77 20 3 0.0 0.0 0.0 0.0
148 DEORU 6 58 31 5 0.0 0.0 0.0
156 DEORU 0.0 2 40 53 6 0.0 0.0
162 DEORU 0.0 0.0 18 61 21 0.0 0.0
175 DEORU 0.0 0.0 0.0 0.0 58 37 5
183 DEORU 0.0 0.0 0.0 3 14 38 45
190 DEORU 0.0 0.0 0.0 0.0 0.0 43 57
197 DEORU 0.0 0.0 0.0 0.0 0.0 42 58
203 DEORU 0.0 0.0 0.0 0.0 0.0 59 41
211 DEORU 0.0 0.0 0.0 0.0 0.0 53 47
218 DEORU 0.0 0.0 0.0 0.0 0.0 81 19
224 DEORU 0.0 0.0 0.0 0.0 0.0 56 44
231 DEORU 0.0 0.0 0.0 0.0 0.0 31 69
239 DEORU 0.0 0.0 0.0 0.0 0.0 59 41
253 DEORU 0.0 0.0 0.0 0.0 0.0 62 38
120 ANGUS 100 0.0 0.0 0.0 0.0 0.0 0.0
127 ANGUS 100 0.0 0.0 0.0 0.0 0.0 0.0
133 ANGUS 3 67 30 0.0 0.0 0.0 0.0
148 ANGUS 0.0 4 83 13 0.0 0.0 0.0
156 ANGUS 0.0 2 51 46 0.0 0.0 0.0
162 ANGUS 0.0 11 22 22 44 0.0 0.0
175 ANGUS 0.0 0.0 0.0 4 61 17 17
183 ANGUS 0.0 0.0 0.0 25 25 25 25
190 ANGUS 0.0 0.0 0.0 5 11 42 42
197 ANGUS 0.0 0.0 0.0 0.0 12 50 38
203 ANGUS 0.0 0.0 0.0 0.0 0.0 45 55
211 ANGUS 0.0 0.0 0.0 0.0 0.0 56 44
218 ANGUS 0.0 0.0 0.0 0.0 0.0 43 57
224 ANGUS 0.0 0.0 0.0 0.0 0.0 38 62
231 ANGUS 0.0 0.0 0.0 0.0 0.0 67 33
239 ANGUS 0.0 0.0 0.0 0.0 0.0 50 50
253 ANGUS 0.0 0.0 0.0 0.0 0.0 67 33
113 PACKA 100 0.0 0.0 0.0 0.0 0.0 0.0
127 PACKA 75 25 0.0 0.0 0.0 0.0 0.0
133 PACKA 0.0 17 75 8 0.0 0.0 0.0
148 PACKA 0.0 8 75 17 0.0 0.0 0.0
156 PACKA 0.0 0.0 50 50 0.0 0.0 0.0
162 PACKA 0.0 0.0 0.0 0.0 100 0.0 0.0
175 PACKA 0.0 0.0 0.0 0.0 60 40 0.0
183 PACKA 0.0 0.0 0.0 0.0 67 0.0 33
190 PACKA 0.0 0.0 0.0 0.0 0.0 38 62
197 PACKA 0.0 0.0 0.0 0.0 0.0 100 0.0
203 PACKA 0.0 0.0 0.0 0.0 0.0 46 54
211 PACKA 0.0 0.0 0.0 0.0 0.0 20 80
218 PACKA 0.0 0.0 0.0 0.0 0.0 67 33
224 PACKA 0.0 0.0 0.0 0.0 0.0 67 33
231 PACKA 0.0 0.0 0.0 0.0 0.0 100 0.0
239 PACKA 0.0 0.0 0.0 0.0 0.0 67 33
253 PACKA 0.0 0.0 0.0 0.0 0.0 0.0 100
