148 HVIRI 0.0 100 0.0 0.0 0.0 0.0 0.0
156 HVIRI 0.0 0.0 100 0.0 0.0 0.0 0.0
162 HVIRI 0.0 0.0 0.0 100 0.0 0.0 0.0
175 HVIRI 0.0 0.0 0.0 17 67 17 0.0
190 HVIRI 0.0 0.0 0.0 0.0 0.0 0.0 100
197 HVIRI 0.0 0.0 0.0 0.0 0.0 67 33
203 HVIRI 0.0 0.0 0.0 0.0 0.0 67 33
211 HVIRI 0.0 0.0 0.0 0.0 0.0 0.0 100
218 HVIRI 0.0 0.0 0.0 0.0 0.0 0.0 100
253 HVIRI 0.0 0.0 0.0 0.0 0.0 0.0 100
104 CONFU 100 0.0 0.0 0.0 0.0 0.0 0.0
113 CONFU 100 0.0 0.0 0.0 0.0 0.0 0.0
120 CONFU 37 33 27 3 0.0 0.0 0.0
127 CONFU 0.0 0.0 57 43 0.0 0.0 0.0
133 CONFU 0.0 4 8 16 72 0.0 0.0
148 CONFU 0.0 0.0 0.0 0.0 36 29 36
156 CONFU 0.0 0.0 0.0 0.0 0.0 73 27
162 CONFU 0.0 0.0 0.0 0.0 0.0 33 67
175 CONFU 0.0 0.0 0.0 0.0 0.0 75 25
183 CONFU 0.0 0.0 0.0 0.0 0.0 0.0 100
