2.11.2011,Padre,98,2,0,0,0,0,0
2.11.2011,California,10,90,0,0,0,0,0
2.11.2011,Sonora,3,27,68,2,0,0,0
2.11.2011,Butte,89,11,0,0,0,0,0
2.11.2011,Nonpareil,5,95,0,0,0,0,0
2.11.2011,Carmel,25,75,0,0,0,0,0
2.13.2011,Padre,50,50,0,0,0,0,0
2.13.2011,California,5,55,40,0,0,0,0
2.13.2011,Sonora,1,20,70,8,1,0,0
2.13.2011,Butte,20,80,0,0,0,0,0
2.13.2011,Nonpareil,2,88,10,0,0,0,0
2.13.2011,Carmel,10,88,2,0,0,0,0
2.14.2011,Padre,16,84,0,0,0,0,0
2.14.2011,California,2,26,72,0,0,0,0
2.14.2011,Sonora,0,20,61,12,7,0,0
2.14.2011,Butte,10,80,10,0,0,0,0
2.14.2011,Nonpareil,0,60,39,1,0,0,0
2.14.2011,Carmel,2,88,10,0,0,0,0
2.15.2011,Padre,5,92,3,0,0,0,0
2.15.2011,California,0,25,68,7,0,0,0
2.15.2011,Sonora,0,18,49,20,13,0,0
2.15.2011,Butte,0,85,15,0,0,0,0
2.15.2011,Nonpareil,0,36,62,3,0,0,0
2.15.2011,Carmel,0,60,40,0,0,0,0
2.16.2011,Padre,2,60,38,0,0,0,0
2.16.2011,California,0,11,70,18,1,0,0
2.16.2011,Sonora,0,3,25,30,42,0,0
2.16.2011,Butte,0,52,48,0,0,0,0
2.16.2011,Nonpareil,0,14,71,15,0,0,0
2.16.2011,Carmel,0,44,56,0,0,0,0
2.17.2011,Padre,0,59,41,0,0,0,0
2.17.2011,California,0,6,67,25,2,0,0
2.17.2011,Sonora,0,2,16,30,52,0,0
2.17.2011,Butte,0,49,51,0,0,0,0
2.17.2011,Nonpareil,0,8,72,19,1,0,0
2.17.2011,Carmel,0,26,70,4,0,0,0
2.21.2011,Padre,0,31,67,2,0,0,0
2.21.2011,California,0,1,49,38,12,0,0
2.21.2011,Sonora,0,0,4,18,78,0,0
2.21.2011,Butte,0,12,83,5,0,0,0
2.21.2011,Nonpareil,0,1,63,30,6,0,0
2.21.2011,Carmel,0,3,82,15,0,0,0
2.22.2011,Padre,0,20,76,4,0,0,0
2.22.2011,California,0,0,40,44,16,0,0
2.22.2011,Sonora,0,0,2,13,85,0,0
2.22.2011,Butte,0,8,85,7,0,0,0
2.22.2011,Nonpareil,0,0,57,34,9,0,0
2.22.2011,Carmel,0,1,82,15,2,0,0
2.23.2011,Padre,0,6,81,13,0,0,0
2.23.2011,California,0,0,27,35,38,0,0
2.23.2011,Sonora,0,0,0,8,87,4,1
2.23.2011,Butte,0,0,83,17,0,0,0
2.23.2011,Nonpareil,0,0,38,40,22,0,0
2.23.2011,Carmel,0,0,76,19,5,0,0
2.24.2011,Padre,0,2,77,21,0,0,0
2.24.2011,California,0,0,22,27,51,0,0
2.24.2011,Sonora,0,0,0,5,85,8,2
2.24.2011,Butte,0,0,75,25,0,0,0
2.24.2011,Nonpareil,0,0,24,42,34,0,0
2.24.2011,Carmel,0,0,53,30,17,0,0
2.25.2011,Padre,0,0,68,32,0,0,0
2.25.2011,California,0,0,12,21,67,0,0
2.25.2011,Sonora,0,0,0,2,72,22,4
2.25.2011,Butte,0,0,60,36,4,0,0
2.25.2011,Nonpareil,0,0,15,32,53,0,0
2.25.2011,Carmel,0,0,43,35,22,0,0
2.28.2011,Padre,0,1,65,30,4,0,0
2.28.2011,California,0,0,3,15,79,3,0
2.28.2011,Sonora,0,0,0,0,38,40,22
2.28.2011,Butte,0,0,45,38,17,0,0
2.28.2011,Nonpareil,0,0,6,19,74,1,0
2.28.2011,Carmel,0,0,16,38,46,0,0
3.1.2011,Padre,0,0,49,39,12,0,0
3.1.2011,California,0,0,2,11,82,5,0
3.1.2011,Sonora,0,0,0,0,32,43,25
3.1.2011,Butte,0,0,30,40,30,0,0
3.1.2011,Nonpareil,0,0,4,15,79,2,0
3.1.2011,Carmel,0,0,14,32,54,0,0
3.2.2011,Padre,0,0,30,40,30,0,0
3.2.2011,California,0,0,0,5,88,7,0
3.2.2011,Sonora,0,0,0,0,22,40,38
3.2.2011,Butte,0,0,21,33,46,0,0
3.2.2011,Nonpareil,0,0,3,9,85,3,0
3.2.2011,Carmel,0,0,6,24,70,0,0
3.3.2011,Padre,0,0,21,38,41,0,0
3.3.2011,California,0,0,0,3,87,9,1
3.3.2011,Sonora,0,0,0,0,15,39,46
3.3.2011,Butte,0,0,13,25,62,0,0
3.3.2011,Nonpareil,0,0,1,5,86,8,0
3.3.2011,Carmel,0,0,2,16,82,0,0
3.4.2011,Padre,0,0,9,32,59,0,0
3.4.2011,California,0,0,0,0,80,15,5
3.4.2011,Sonora,0,0,0,0,7,23,70
3.4.2011,Butte,0,0,7,23,70,0,0
3.4.2011,Nonpareil,0,0,0,2,86,10,2
3.4.2011,Carmel,0,0,0,9,89,2,0
3.7.2011,Padre,0,0,1,10,88,1,0
3.7.2011,California,0,0,0,0,33,30,37
3.7.2011,Sonora,0,0,0,0,0,7,93
3.7.2011,Butte,0,0,0,5,92,3,0
3.7.2011,Nonpareil,0,0,0,0,57,31,12
3.7.2011,Carmel,0,0,0,0,76,21,3
3.8.2011,Padre,0,0,0,4,80,12,4
3.8.2011,California,0,0,0,0,16,27,57
3.8.2011,Sonora,0,0,0,0,0,2,98
3.8.2011,Butte,0,0,0,0,76,11,13
3.8.2011,Nonpareil,0,0,0,0,22,24,54
3.8.2011,Carmel,0,0,0,0,28,34,38
3.9.2011,Padre,0,0,0,1,59,20,20
3.9.2011,California,0,0,0,0,12,20,68
3.9.2011,Sonora,0,0,0,0,0,1,99
3.9.2011,Butte,0,0,0,0,47,20,33
3.9.2011,Nonpareil,0,0,0,0,14,16,70
3.9.2011,Carmel,0,0,0,0,15,25,60
3.10.2011,Padre,0,0,0,0,55,20,25
3.10.2011,California,0,0,0,0,6,15,79
3.10.2011,Sonora,0,0,0,0,0,1,99
3.10.2011,Butte,0,0,0,0,41,21,38
3.10.2011,Nonpareil,0,0,0,0,9,15,76
3.10.2011,Carmel,0,0,0,0,8,17,75
3.11.2011,Padre,0,0,0,0,38,23,39
3.11.2011,California,0,0,0,0,2,6,92
3.11.2011,Sonora,0,0,0,0,0,1,99
3.11.2011,Butte,0,0,0,0,30,25,45
3.11.2011,Nonpareil,0,0,0,0,3,8,89
3.11.2011,Carmel,0,0,0,0,4,7,89
3.14.2011,Padre,0,0,0,0,12,40,48
3.14.2011,California,0,0,0,0,0,2,98
3.14.2011,Sonora,0,0,0,0,0,0,100
3.14.2011,Butte,0,0,0,0,8,34,58
3.14.2011,Nonpareil,0,0,0,0,0,3,97
3.14.2011,Carmel,0,0,0,0,0,5,95
